Data for Figure 3b

N = [108, 144, 216, 324, 432, 540, 756, 900, 1080]
Delta = [1.3906084285464115, 1.5330375313359321, 1.7587836180623622, 2.0207525853336703, 2.245923904212513,2.4382315330921074, 2.7546291169035255, 2.9288055466302545, 3.123414715347219]

Data for Figure 3c

N = [100, 160, 200, 300, 400, 600, 800, 1000, 1200]
Delta = [1.7479034667771993,2.0675809467056085, 2.2444258604489833, 2.6015574324768513, 2.8897436585877783, 3.361933224710459, 3.7277224983901625, 4.044549887498864, 4.31429898252577]

Data for Figure 3d

N = [36, 54, 72, 108, 126, 162, 216, 252, 324, 360, 450]
P_N =[0.6472302227047099, 0.5763811174932453, 0.5196788270553919, 0.4430981568110064,  0.412553824925471, 0.37243355532554273, 0.3227013760558381, 0.2982511673745831,  0.26291448538469203,  0.24369259059044476, 0.2117818647496274]

Data for Figure 3e

N = [50, 100, 110, 120, 130, 140, 150, 160, 180, 200, 250, 300, 350, 400, 450, 500]
P_N = [0.3822559379751341, 0.30292748610152187, 0.30403273950494325, 0.29499430232549306, 0.26113917208330306, 0.2707470185691882, 0.2514279509064928, 0.25143616894118276, 0.2397777583352868, 0.21808495495715394, 0.18439971204854472, 0.17503364978331543, 0.160933873024792, 0.14968257677471453, 0.14017753575267883, 0.12926259813833377]

